data/out_FocalSum_develop_circle.txt
ncols	180
nrows	180
xllcorner	0.0
yllcorner	0.0
cellsize	20.0
NODATA_value	-9999.0
[rows 123 to 163 of 180, columns 0 to 93 of 180]
0.0 0.0 0.0 0.0 0.0 0.0 0.0 0.0 0.0 0.0 0.0 0.0 0.0 0.0 0.0 0.0 0.0 0.0 0.0 0.0 0.0 0.0 0.0 0.0 0.0 0.0 3.0 3.0 3.0 3.0 3.0 0.0 0.0 3.0 3.0 5.0 11.0 9.0 13.0 20.0 14.0 19.0 19.0 15.0 16.0 16.0 12.0 18.0 30.0 37.0 46.0 53.0 47.0 35.0 30.0 19.0 10.0 10.0 8.0 8.0 4.0 0.0 0.0 0.0 0.0 0.0 0.0 0.0 0.0 0.0 0.0 0.0 0.0 0.0 0.0 0.0 0.0 0.0 0.0 0.0 0.0 0.0 0.0 0.0 0.0 0.0 0.0 0.0 0.0 0.0 0.0 0.0 0.0 0.0
0.0 0.0 0.0 0.0 0.0 0.0 0.0 0.0 0.0 0.0 0.0 0.0 0.0 0.0 0.0 0.0 0.0 0.0 0.0 0.0 0.0 0.0 0.0 0.0 0.0 0.0 3.0 3.0 3.0 3.0 3.0 0.0 3.0 0.0 5.0 11.0 9.0 11.0 16.0 8.0 8.0 13.0 7.0 5.0 8.0 8.0 5.0 6.0 12.0 16.0 25.0 32.0 30.0 30.0 21.0 14.0 10.0 11.0 8.0 6.0 0.0 0.0 0.0 0.0 0.0 0.0 0.0 0.0 0.0 0.0 0.0 0.0 0.0 0.0 0.0 0.0 0.0 0.0 0.0 0.0 0.0 0.0 0.0 0.0 0.0 0.0 0.0 0.0 0.0 0.0 0.0 0.0 0.0 0.0
0.0 0.0 0.0 0.0 0.0 0.0 0.0 0.0 0.0 0.0 0.0 0.0 0.0 0.0 0.0 0.0 0.0 0.0 0.0 0.0 0.0 0.0 0.0 0.0 0.0 3.0 3.0 3.0 3.0 3.0 6.0 6.0 3.0 5.0 12.0 11.0 14.0 16.0 14.0 9.0 11.0 2.0 0.0 3.0 0.0 0.0 3.0 0.0 1.0 7.0 17.0 18.0 27.0 19.0 17.0 20.0 15.0 11.0 9.0 5.0 0.0 0.0 0.0 0.0 0.0 0.0 0.0 0.0 0.0 0.0 0.0 0.0 0.0 0.0 0.0 0.0 0.0 0.0 0.0 0.0 0.0 0.0 0.0 0.0 0.0 0.0 0.0 0.0 0.0 0.0 0.0 0.0 0.0 0.0
0.0 0.0 0.0 0.0 0.0 0.0 0.0 0.0 0.0 0.0 0.0 0.0 0.0 0.0 0.0 0.0 0.0 0.0 0.0 0.0 0.0 0.0 0.0 0.0 0.0 0.0 3.0 3.0 3.0 3.0 6.0 3.0 3.0 9.0 11.0 8.0 16.0 13.0 9.0 11.0 5.0 0.0 0.0 0.0 0.0 0.0 0.0 0.0 0.0 4.0 9.0 15.0 21.0 19.0 17.0 17.0 13.0 12.0 5.0 3.0 0.0 0.0 0.0 0.0 0.0 0.0 0.0 0.0 0.0 0.0 0.0 0.0 0.0 0.0 0.0 0.0 0.0 0.0 0.0 0.0 0.0 0.0 0.0 0.0 0.0 0.0 0.0 0.0 0.0 0.0 0.0 0.0 0.0 0.0
0.0 0.0 0.0 0.0 0.0 0.0 0.0 0.0 0.0 0.0 0.0 0.0 0.0 0.0 0.0 0.0 0.0 0.0 0.0 0.0 0.0 0.0 0.0 0.0 0.0 0.0 3.0 3.0 3.0 9.0 6.0 3.0 7.0 11.0 11.0 16.0 16.0 11.0 11.0 5.0 3.0 3.0 0.0 0.0 0.0 0.0 0.0 0.0 3.0 3.0 10.0 18.0 17.0 20.0 24.0 19.0 14.0 9.0 4.0 3.0 3.0 0.0 0.0 0.0 0.0 0.0 0.0 0.0 0.0 0.0 0.0 0.0 0.0 0.0 0.0 0.0 0.0 0.0 0.0 0.0 0.0 0.0 0.0 0.0 0.0 0.0 0.0 0.0 0.0 0.0 0.0 0.0 0.0 1.0
0.0 0.0 0.0 0.0 0.0 0.0 0.0 0.0 0.0 0.0 0.0 0.0 0.0 0.0 0.0 0.0 0.0 0.0 0.0 0.0 0.0 0.0 0.0 0.0 0.0 0.0 0.0 3.0 6.0 3.0 6.0 8.0 11.0 11.0 16.0 13.0 14.0 14.0 10.0 3.0 3.0 0.0 0.0 0.0 0.0 0.0 0.0 0.0 0.0 7.0 11.0 12.0 20.0 22.0 15.0 19.0 12.0 9.0 7.0 4.0 0.0 0.0 0.0 0.0 0.0 0.0 0.0 0.0 0.0 0.0 0.0 0.0 0.0 0.0 0.0 0.0 0.0 0.0 0.0 0.0 0.0 0.0 0.0 0.0 0.0 0.0 0.0 0.0 1.0 1.0 1.0 2.0 3.0 3.0
0.0 0.0 0.0 0.0 0.0 0.0 0.0 0.0 0.0 0.0 0.0 0.0 0.0 0.0 0.0 0.0 0.0 0.0 0.0 0.0 0.0 0.0 0.0 0.0 0.0 0.0 0.0 3.0 6.0 3.0 8.0 14.0 9.0 13.0 19.0 11.0 14.0 12.0 6.0 3.0 3.0 0.0 0.0 0.0 0.0 0.0 0.0 0.0 2.0 11.0 14.0 16.0 17.0 21.0 17.0 14.0 14.0 10.0 6.0 7.0 1.0 0.0 0.0 0.0 0.0 0.0 0.0 0.0 0.0 0.0 0.0 0.0 0.0 0.0 0.0 0.0 0.0 0.0 0.0 0.0 0.0 0.0 0.0 0.0 0.0 1.0 2.0 3.0 3.0 4.0 5.0 5.0 5.0 5.0
0.0 0.0 0.0 0.0 0.0 0.0 0.0 0.0 0.0 0.0 0.0 0.0 0.0 0.0 0.0 0.0 0.0 0.0 0.0 0.0 0.0 0.0 0.0 0.0 0.0 0.0 6.0 6.0 6.0 8.0 14.0 9.0 17.0 16.0 14.0 14.0 12.0 5.0 6.0 3.0 0.0 0.0 0.0 0.0 0.0 0.0 0.0 2.0 8.0 6.0 13.0 16.0 14.0 15.0 19.0 9.0 10.0 14.0 13.0 3.0 4.0 1.0 0.0 0.0 0.0 0.0 0.0 0.0 0.0 0.0 0.0 0.0 0.0 0.0 0.0 0.0 0.0 0.0 0.0 4.0 0.0 0.0 0.0 2.0 3.0 3.0 4.0 5.0 5.0 5.0 6.0 6.0 9.0 9.0
0.0 0.0 0.0 0.0 0.0 0.0 0.0 0.0 0.0 0.0 0.0 0.0 0.0 0.0 0.0 0.0 0.0 0.0 0.0 0.0 0.0 0.0 0.0 0.0 0.0 0.0 3.0 6.0 8.0 12.0 14.0 11.0 13.0 11.0 12.0 14.0 8.0 3.0 3.0 0.0 0.0 0.0 0.0 0.0 0.0 0.0 2.0 8.0 6.0 11.0 16.0 11.0 11.0 12.0 12.0 13.0 12.0 13.0 11.0 7.0 6.0 4.0 1.0 0.0 0.0 0.0 0.0 0.0 0.0 0.0 0.0 0.0 0.0 0.0 0.0 0.0 0.0 4.0 4.0 4.0 4.0 5.0 3.0 3.0 4.0 6.0 6.0 6.0 6.0 6.0 5.0 6.0 9.0 9.0
0.0 0.0 0.0 0.0 0.0 0.0 0.0 0.0 0.0 0.0 0.0 3.0 0.0 0.0 0.0 0.0 0.0 0.0 0.0 0.0 0.0 0.0 0.0 0.0 0.0 6.0 3.0 6.0 12.0 14.0 14.0 19.0 13.0 9.0 14.0 8.0 6.0 6.0 3.0 0.0 0.0 0.0 0.0 0.0 0.0 2.0 6.0 8.0 11.0 13.0 14.0 12.0 14.0 11.0 9.0 7.0 13.0 12.0 10.0 14.0 7.0 3.0 4.0 2.0 0.0 3.0 0.0 0.0 0.0 0.0 0.0 0.0 4.0 0.0 0.0 0.0 0.0 4.0 4.0 5.0 6.0 7.0 4.0 5.0 6.0 5.0 5.0 5.0 6.0 6.0 6.0 8.0 8.0 8.0
0.0 0.0 0.0 0.0 0.0 0.0 0.0 0.0 0.0 3.0 3.0 3.0 3.0 3.0 0.0 0.0 0.0 0.0 0.0 0.0 0.0 0.0 0.0 3.0 3.0 3.0 6.0 10.0 11.0 14.0 13.0 13.0 11.0 11.0 5.0 3.0 6.0 0.0 0.0 0.0 0.0 0.0 0.0 0.0 0.0 6.0 8.0 8.0 13.0 13.0 12.0 14.0 8.0 3.0 6.0 9.0 7.0 13.0 12.0 10.0 11.0 11.0 4.0 7.0 6.0 5.0 3.0 3.0 0.0 0.0 4.0 4.0 4.0 4.0 4.0 1.0 5.0 6.0 7.0 7.0 9.0 10.0 9.0 5.0 5.0 5.0 6.0 6.0 5.0 5.0 5.0 4.0 6.0 6.0
0.0 0.0 0.0 0.0 0.0 0.0 0.0 0.0 0.0 3.0 3.0 3.0 3.0 3.0 0.0 0.0 0.0 0.0 0.0 0.0 0.0 0.0 0.0 6.0 3.0 3.0 8.0 14.0 11.0 16.0 16.0 11.0 14.0 10.0 3.0 3.0 3.0 0.0 0.0 0.0 0.0 0.0 0.0 0.0 4.0 8.0 8.0 13.0 13.0 14.0 11.0 5.0 6.0 3.0 3.0 3.0 6.0 10.0 13.0 9.0 10.0 8.0 8.0 8.0 8.0 6.0 6.0 5.0 1.0 1.0 5.0 5.0 5.0 6.0 7.0 3.0 4.0 9.0 9.0 10.0 9.0 9.0 5.0 5.0 5.0 6.0 4.0 3.0 3.0 2.0 1.0 1.0 4.0 3.0
0.0 0.0 0.0 0.0 0.0 0.0 0.0 0.0 3.0 3.0 3.0 3.0 3.0 3.0 3.0 0.0 0.0 0.0 0.0 0.0 0.0 3.0 6.0 6.0 6.0 8.0 11.0 9.0 16.0 13.0 11.0 11.0 9.0 3.0 3.0 0.0 0.0 0.0 0.0 0.0 0.0 0.0 0.0 2.0 8.0 8.0 10.0 13.0 14.0 14.0 10.0 6.0 3.0 0.0 0.0 0.0 9.0 6.0 7.0 10.0 13.0 10.0 14.0 11.0 11.0 10.0 9.0 8.0 10.0 9.0 9.0 12.0 9.0 9.0 9.0 9.0 6.0 14.0 14.0 9.0 9.0 9.0 6.0 5.0 4.0 3.0 2.0 1.0 0.0 0.0 0.0 0.0 0.0 0.0
0.0 0.0 0.0 0.0 0.0 0.0 0.0 0.0 0.0 3.0 3.0 3.0 3.0 3.0 0.0 0.0 0.0 0.0 0.0 0.0 0.0 3.0 3.0 6.0 8.0 14.0 9.0 13.0 13.0 11.0 14.0 9.0 5.0 3.0 3.0 0.0 0.0 0.0 0.0 0.0 3.0 0.0 2.0 8.0 6.0 10.0 10.0 11.0 14.0 12.0 6.0 6.0 3.0 0.0 0.0 0.0 0.0 3.0 6.0 4.0 9.0 10.0 8.0 12.0 13.0 9.0 11.0 12.0 8.0 12.0 16.0 12.0 13.0 13.0 10.0 10.0 13.0 13.0 14.0 18.0 10.0 5.0 3.0 3.0 2.0 0.0 0.0 0.0 0.0 0.0 0.0 0.0 0.0 0.0
0.0 0.0 0.0 0.0 0.0 0.0 0.0 0.0 0.0 3.0 3.0 3.0 3.0 3.0 0.0 0.0 0.0 0.0 0.0 0.0 3.0 6.0 3.0 8.0 12.0 16.0 16.0 15.0 15.0 14.0 14.0 8.0 6.0 3.0 0.0 0.0 0.0 0.0 3.0 3.0 3.0 5.0 11.0 6.0 8.0 10.0 11.0 11.0 9.0 5.0 6.0 3.0 3.0 0.0 0.0 0.0 0.0 3.0 3.0 6.0 7.0 9.0 7.0 13.0 15.0 14.0 13.0 14.0 12.0 16.0 20.0 20.0 17.0 13.0 10.0 10.0 17.0 14.0 13.0 13.0 8.0 3.0 3.0 1.0 0.0 0.0 0.0 0.0 0.0 0.0 0.0 0.0 0.0 0.0
0.0 0.0 0.0 0.0 0.0 0.0 0.0 0.0 0.0 0.0 0.0 3.0 0.0 0.0 0.0 0.0 0.0 0.0 0.0 3.0 3.0 6.0 6.0 12.0 11.0 16.0 17.0 14.0 13.0 20.0 10.0 6.0 9.0 3.0 0.0 0.0 0.0 0.0 3.0 3.0 5.0 9.0 11.0 8.0 10.0 8.0 6.0 11.0 5.0 3.0 3.0 3.0 0.0 0.0 0.0 0.0 0.0 0.0 0.0 3.0 3.0 3.0 8.0 10.0 9.0 12.0 10.0 10.0 15.0 16.0 18.0 18.0 18.0 14.0 19.0 16.0 16.0 15.0 14.0 11.0 10.0 5.0 0.0 0.0 0.0 0.0 0.0 0.0 0.0 0.0 0.0 0.0 0.0 0.0
0.0 0.0 0.0 0.0 0.0 0.0 0.0 0.0 0.0 0.0 0.0 0.0 0.0 0.0 0.0 0.0 0.0 0.0 0.0 3.0 3.0 6.0 10.0 14.0 16.0 18.0 17.0 20.0 23.0 11.0 14.0 11.0 6.0 6.0 3.0 0.0 0.0 3.0 3.0 3.0 9.0 11.0 11.0 13.0 10.0 6.0 8.0 5.0 3.0 3.0 3.0 3.0 0.0 0.0 0.0 0.0 0.0 0.0 0.0 0.0 3.0 5.0 6.0 8.0 9.0 7.0 10.0 12.0 11.0 16.0 18.0 18.0 20.0 17.0 12.0 16.0 17.0 12.0 12.0 8.0 7.0 0.0 0.0 0.0 0.0 0.0 0.0 0.0 0.0 0.0 0.0 0.0 0.0 0.0
0.0 0.0 0.0 0.0 0.0 0.0 0.0 0.0 0.0 0.0 0.0 0.0 0.0 0.0 0.0 0.0 0.0 0.0 3.0 6.0 3.0 5.0 11.0 14.0 16.0 20.0 18.0 20.0 21.0 14.0 15.0 14.0 8.0 6.0 3.0 0.0 0.0 0.0 3.0 7.0 11.0 11.0 13.0 10.0 8.0 8.0 2.0 0.0 0.0 3.0 0.0 0.0 0.0 0.0 0.0 0.0 0.0 0.0 0.0 0.0 0.0 3.0 8.0 5.0 5.0 5.0 6.0 7.0 9.0 14.0 14.0 14.0 14.0 17.0 16.0 17.0 17.0 17.0 18.0 14.0 7.0 3.0 3.0 0.0 0.0 0.0 0.0 0.0 0.0 0.0 0.0 0.0 0.0 0.0
1.0 0.0 0.0 0.0 0.0 0.0 0.0 0.0 0.0 0.0 0.0 0.0 0.0 0.0 0.0 0.0 0.0 3.0 3.0 6.0 8.0 14.0 9.0 19.0 16.0 16.0 23.0 21.0 17.0 22.0 20.0 15.0 17.0 8.0 6.0 9.0 0.0 0.0 5.0 11.0 11.0 13.0 13.0 8.0 8.0 4.0 0.0 0.0 0.0 0.0 0.0 0.0 0.0 0.0 0.0 0.0 0.0 0.0 0.0 0.0 2.0 3.0 6.0 5.0 5.0 5.0 3.0 2.0 6.0 6.0 10.0 15.0 10.0 10.0 13.0 13.0 15.0 17.0 16.0 9.0 7.0 3.0 3.0 0.0 0.0 0.0 0.0 0.0 0.0 0.0 0.0 0.0 0.0 0.0
1.0 2.0 1.0 0.0 0.0 0.0 0.0 0.0 0.0 0.0 0.0 0.0 0.0 0.0 0.0 0.0 3.0 3.0 3.0 8.0 14.0 12.0 11.0 16.0 14.0 17.0 17.0 19.0 15.0 14.0 22.0 20.0 15.0 17.0 11.0 6.0 3.0 5.0 8.0 6.0 13.0 10.0 8.0 8.0 6.0 0.0 0.0 0.0 0.0 0.0 0.0 0.0 0.0 0.0 0.0 0.0 0.0 0.0 0.0 0.0 3.0 5.0 5.0 5.0 6.0 3.0 2.0 0.0 0.0 4.0 6.0 6.0 10.0 12.0 13.0 13.0 13.0 19.0 18.0 13.0 9.0 9.0 7.0 3.0 0.0 0.0 0.0 0.0 0.0 0.0 0.0 0.0 0.0 0.0
2.0 2.0 3.0 1.0 0.0 0.0 0.0 0.0 0.0 0.0 0.0 0.0 0.0 0.0 3.0 3.0 6.0 6.0 8.0 9.0 11.0 14.0 16.0 14.0 12.0 14.0 11.0 11.0 20.0 12.0 20.0 19.0 17.0 15.0 17.0 8.0 12.0 11.0 6.0 8.0 10.0 8.0 8.0 6.0 2.0 0.0 0.0 0.0 0.0 0.0 0.0 0.0 0.0 0.0 0.0 0.0 0.0 0.0 0.0 2.0 3.0 6.0 5.0 5.0 5.0 3.0 0.0 0.0 0.0 0.0 0.0 4.0 6.0 6.0 10.0 15.0 16.0 13.0 16.0 16.0 15.0 13.0 9.0 6.0 4.0 0.0 0.0 4.0 0.0 0.0 0.0 0.0 0.0 0.0
3.0 3.0 3.0 4.0 1.0 0.0 0.0 0.0 0.0 0.0 0.0 0.0 0.0 0.0 3.0 3.0 3.0 6.0 12.0 11.0 11.0 16.0 13.0 12.0 14.0 8.0 9.0 9.0 8.0 14.0 12.0 14.0 25.0 17.0 16.0 20.0 17.0 13.0 15.0 10.0 8.0 6.0 8.0 2.0 0.0 0.0 0.0 0.0 0.0 0.0 0.0 0.0 0.0 0.0 0.0 0.0 0.0 0.0 0.0 3.0 5.0 5.0 5.0 6.0 3.0 2.0 0.0 0.0 0.0 0.0 0.0 0.0 0.0 4.0 6.0 9.0 13.0 15.0 16.0 16.0 13.0 13.0 18.0 10.0 6.0 10.0 8.0 4.0 4.0 4.0 0.0 0.0 0.0 0.0
3.0 4.0 4.0 3.0 4.0 2.0 0.0 0.0 0.0 0.0 0.0 0.0 0.0 3.0 3.0 3.0 3.0 10.0 14.0 14.0 13.0 19.0 11.0 14.0 8.0 9.0 3.0 3.0 6.0 5.0 14.0 15.0 17.0 19.0 23.0 22.0 21.0 17.0 14.0 8.0 10.0 8.0 2.0 0.0 0.0 0.0 0.0 0.0 0.0 0.0 0.0 0.0 0.0 0.0 0.0 0.0 0.0 0.0 2.0 3.0 6.0 5.0 5.0 5.0 3.0 0.0 0.0 0.0 0.0 0.0 0.0 0.0 0.0 0.0 3.0 7.0 9.0 9.0 13.0 15.0 19.0 13.0 13.0 13.0 15.0 14.0 10.0 10.0 6.0 4.0 0.0 0.0 0.0 0.0
3.0 4.0 5.0 5.0 4.0 4.0 3.0 2.0 0.0 0.0 0.0 0.0 0.0 0.0 3.0 3.0 5.0 11.0 11.0 16.0 16.0 14.0 14.0 13.0 6.0 9.0 6.0 3.0 3.0 3.0 8.0 17.0 12.0 21.0 27.0 19.0 19.0 23.0 18.0 14.0 12.0 6.0 4.0 0.0 0.0 0.0 0.0 0.0 0.0 0.0 0.0 0.0 0.0 0.0 0.0 0.0 0.0 0.0 3.0 5.0 5.0 5.0 6.0 3.0 2.0 0.0 0.0 0.0 0.0 0.0 0.0 0.0 0.0 0.0 0.0 3.0 3.0 7.0 9.0 9.0 13.0 15.0 13.0 13.0 17.0 14.0 14.0 12.0 10.0 6.0 4.0 0.0 0.0 0.0
4.0 3.0 4.0 5.0 5.0 5.0 5.0 4.0 3.0 2.0 0.0 0.0 0.0 0.0 3.0 5.0 11.0 9.0 13.0 13.0 11.0 14.0 12.0 9.0 6.0 6.0 3.0 3.0 0.0 6.0 9.0 8.0 17.0 17.0 20.0 27.0 21.0 18.0 20.0 14.0 9.0 4.0 4.0 0.0 0.0 0.0 0.0 0.0 0.0 0.0 0.0 0.0 0.0 0.0 0.0 0.0 0.0 2.0 4.0 5.0 5.0 5.0 5.0 3.0 0.0 0.0 0.0 0.0 0.0 0.0 0.0 0.0 0.0 0.0 0.0 3.0 3.0 3.0 3.0 10.0 9.0 9.0 13.0 15.0 13.0 17.0 14.0 12.0 12.0 12.0 4.0 0.0 0.0 0.0
1.0 4.0 4.0 4.0 5.0 6.0 6.0 7.0 6.0 4.0 3.0 2.0 0.0 0.0 2.0 8.0 9.0 8.0 13.0 11.0 11.0 12.0 11.0 9.0 9.0 6.0 3.0 3.0 3.0 3.0 6.0 6.0 11.0 17.0 18.0 24.0 21.0 22.0 23.0 15.0 7.0 7.0 7.0 4.0 0.0 0.0 0.0 0.0 0.0 0.0 0.0 0.0 0.0 0.0 0.0 0.0 1.0 4.0 4.0 5.0 5.0 5.0 3.0 2.0 0.0 0.0 0.0 0.0 0.0 0.0 0.0 0.0 0.0 0.0 0.0 0.0 0.0 3.0 0.0 0.0 3.0 7.0 9.0 9.0 13.0 14.0 14.0 17.0 14.0 12.0 8.0 6.0 2.0 0.0
0.0 1.0 3.0 4.0 5.0 6.0 6.0 6.0 6.0 7.0 5.0 3.0 3.0 4.0 8.0 6.0 8.0 10.0 8.0 9.0 11.0 5.0 3.0 9.0 3.0 3.0 3.0 3.0 3.0 3.0 6.0 9.0 9.0 14.0 22.0 18.0 22.0 20.0 19.0 13.0 9.0 7.0 7.0 0.0 0.0 0.0 0.0 0.0 0.0 0.0 0.0 0.0 0.0 0.0 4.0 1.0 4.0 3.0 5.0 5.0 4.0 4.0 3.0 0.0 0.0 0.0 0.0 0.0 0.0 0.0 0.0 0.0 0.0 0.0 0.0 0.0 0.0 0.0 0.0 0.0 3.0 3.0 3.0 7.0 9.0 11.0 11.0 17.0 13.0 13.0 8.0 8.0 6.0 2.0
0.0 0.0 1.0 3.0 4.0 6.0 7.0 6.0 6.0 6.0 6.0 6.0 7.0 11.0 9.0 10.0 10.0 8.0 6.0 11.0 5.0 3.0 3.0 6.0 3.0 3.0 3.0 3.0 0.0 3.0 3.0 3.0 9.0 9.0 10.0 16.0 18.0 16.0 19.0 15.0 11.0 7.0 7.0 3.0 0.0 0.0 0.0 0.0 0.0 0.0 0.0 0.0 4.0 4.0 5.0 8.0 7.0 4.0 5.0 4.0 4.0 3.0 1.0 0.0 0.0 0.0 0.0 0.0 0.0 0.0 0.0 0.0 0.0 0.0 0.0 0.0 0.0 0.0 0.0 0.0 0.0 0.0 3.0 0.0 0.0 7.0 11.0 11.0 11.0 13.0 10.0 8.0 8.0 8.0
0.0 0.0 0.0 0.0 2.0 4.0 4.0 6.0 7.0 6.0 5.0 7.0 13.0 12.0 13.0 13.0 11.0 7.0 8.0 2.0 0.0 3.0 3.0 0.0 0.0 3.0 0.0 0.0 0.0 3.0 3.0 3.0 9.0 9.0 8.0 12.0 18.0 13.0 18.0 13.0 13.0 3.0 3.0 0.0 0.0 0.0 0.0 0.0 0.0 0.0 0.0 0.0 4.0 5.0 8.0 7.0 8.0 5.0 4.0 3.0 4.0 1.0 0.0 0.0 0.0 0.0 0.0 0.0 0.0 0.0 0.0 0.0 0.0 0.0 0.0 0.0 0.0 0.0 0.0 0.0 0.0 0.0 0.0 0.0 3.0 3.0 5.0 9.0 11.0 11.0 13.0 10.0 10.0 8.0
0.0 0.0 0.0 0.0 0.0 1.0 3.0 4.0 4.0 6.0 8.0 13.0 11.0 13.0 15.0 13.0 10.0 11.0 3.0 0.0 3.0 3.0 3.0 3.0 3.0 0.0 0.0 0.0 0.0 0.0 0.0 3.0 0.0 3.0 6.0 9.0 13.0 15.0 13.0 15.0 9.0 5.0 3.0 0.0 0.0 0.0 0.0 0.0 0.0 0.0 3.0 4.0 5.0 8.0 7.0 8.0 9.0 8.0 3.0 4.0 1.0 0.0 0.0 0.0 0.0 0.0 0.0 0.0 0.0 0.0 0.0 0.0 0.0 0.0 0.0 0.0 0.0 0.0 0.0 0.0 0.0 0.0 0.0 0.0 0.0 3.0 3.0 5.0 9.0 11.0 8.0 10.0 10.0 10.0
0.0 0.0 0.0 0.0 0.0 0.0 0.0 1.0 2.0 5.0 11.0 11.0 14.0 15.0 13.0 11.0 12.0 6.0 4.0 2.0 3.0 3.0 3.0 3.0 3.0 0.0 0.0 0.0 0.0 0.0 0.0 0.0 0.0 3.0 3.0 7.0 11.0 15.0 10.0 12.0 11.0 4.0 0.0 0.0 0.0 0.0 0.0 0.0 3.0 3.0 3.0 4.0 11.0 7.0 8.0 9.0 8.0 3.0 4.0 1.0 0.0 0.0 0.0 0.0 0.0 0.0 0.0 0.0 0.0 0.0 0.0 0.0 0.0 0.0 0.0 0.0 0.0 0.0 0.0 0.0 0.0 0.0 0.0 0.0 0.0 3.0 3.0 3.0 3.0 7.0 8.0 8.0 8.0 10.0
0.0 0.0 0.0 0.0 0.0 0.0 0.0 3.0 2.0 6.0 10.0 11.0 13.0 13.0 11.0 13.0 10.0 5.0 4.0 10.0 6.0 5.0 3.0 3.0 3.0 3.0 0.0 0.0 0.0 0.0 0.0 0.0 0.0 0.0 0.0 5.0 6.0 15.0 10.0 12.0 10.0 6.0 0.0 0.0 0.0 0.0 3.0 0.0 3.0 3.0 4.0 7.0 10.0 8.0 9.0 8.0 7.0 4.0 1.0 0.0 0.0 0.0 0.0 0.0 0.0 0.0 0.0 0.0 0.0 0.0 0.0 0.0 0.0 0.0 0.0 0.0 0.0 0.0 0.0 0.0 0.0 0.0 0.0 0.0 0.0 0.0 0.0 3.0 0.0 0.0 2.0 6.0 8.0 8.0
0.0 0.0 0.0 0.0 0.0 3.0 3.0 3.0 9.0 11.0 8.0 10.0 12.0 9.0 15.0 9.0 8.0 11.0 11.0 8.0 11.0 9.0 6.0 5.0 3.0 0.0 0.0 0.0 0.0 0.0 0.0 0.0 0.0 0.0 0.0 3.0 9.0 13.0 15.0 13.0 12.0 6.0 5.0 0.0 3.0 3.0 3.0 6.0 6.0 5.0 7.0 6.0 7.0 8.0 8.0 3.0 4.0 1.0 0.0 0.0 0.0 0.0 0.0 0.0 0.0 0.0 0.0 0.0 0.0 0.0 0.0 0.0 0.0 0.0 0.0 0.0 0.0 0.0 0.0 0.0 0.0 0.0 0.0 0.0 0.0 0.0 0.0 0.0 0.0 0.0 0.0 2.0 9.0 11.0
0.0 0.0 0.0 0.0 0.0 3.0 3.0 7.0 9.0 13.0 10.0 10.0 8.0 8.0 7.0 7.0 7.0 10.0 11.0 8.0 11.0 12.0 8.0 6.0 6.0 2.0 1.0 0.0 0.0 0.0 0.0 0.0 0.0 0.0 0.0 3.0 7.0 11.0 15.0 13.0 15.0 11.0 7.0 3.0 6.0 4.0 4.0 5.0 9.0 7.0 7.0 8.0 8.0 4.0 3.0 4.0 1.0 0.0 0.0 0.0 0.0 0.0 0.0 0.0 0.0 0.0 0.0 0.0 0.0 0.0 0.0 0.0 0.0 0.0 0.0 0.0 0.0 0.0 0.0 0.0 0.0 0.0 0.0 0.0 0.0 0.0 0.0 0.0 0.0 0.0 0.0 0.0 3.0 7.0
0.0 0.0 0.0 0.0 3.0 3.0 3.0 9.0 13.0 13.0 13.0 10.0 8.0 7.0 3.0 4.0 9.0 10.0 11.0 11.0 8.0 11.0 11.0 6.0 6.0 4.0 3.0 3.0 2.0 1.0 1.0 1.0 0.0 0.0 3.0 3.0 5.0 9.0 15.0 13.0 18.0 14.0 10.0 8.0 9.0 6.0 7.0 8.0 12.0 11.0 8.0 8.0 7.0 3.0 4.0 1.0 0.0 0.0 0.0 0.0 0.0 0.0 0.0 0.0 0.0 0.0 0.0 0.0 0.0 0.0 0.0 0.0 0.0 0.0 0.0 0.0 0.0 0.0 0.0 0.0 0.0 0.0 0.0 0.0 0.0 0.0 0.0 0.0 0.0 0.0 0.0 3.0 3.0 3.0
0.0 0.0 0.0 0.0 0.0 3.0 7.0 11.0 13.0 13.0 10.0 10.0 6.0 0.0 3.0 3.0 4.0 9.0 9.0 11.0 12.0 11.0 8.0 8.0 5.0 6.0 6.0 5.0 5.0 5.0 4.0 3.0 3.0 2.0 1.0 4.0 4.0 10.0 14.0 20.0 16.0 18.0 13.0 10.0 11.0 11.0 9.0 9.0 8.0 5.0 8.0 4.0 4.0 4.0 1.0 0.0 0.0 0.0 0.0 0.0 0.0 0.0 0.0 0.0 0.0 0.0 0.0 0.0 0.0 0.0 0.0 0.0 0.0 0.0 0.0 0.0 0.0 0.0 0.0 0.0 0.0 0.0 0.0 0.0 0.0 0.0 0.0 0.0 0.0 0.0 0.0 0.0 6.0 6.0
0.0 0.0 0.0 0.0 0.0 5.0 11.0 11.0 13.0 13.0 10.0 6.0 4.0 0.0 3.0 3.0 3.0 6.0 8.0 9.0 9.0 11.0 9.0 9.0 5.0 5.0 5.0 6.0 6.0 6.0 5.0 5.0 5.0 5.0 5.0 8.0 8.0 12.0 16.0 20.0 18.0 20.0 17.0 13.0 12.0 9.0 8.0 8.0 9.0 6.0 5.0 4.0 3.0 1.0 0.0 0.0 0.0 0.0 0.0 0.0 0.0 0.0 0.0 0.0 0.0 0.0 0.0 0.0 0.0 0.0 0.0 0.0 0.0 0.0 0.0 0.0 0.0 0.0 0.0 0.0 0.0 0.0 0.0 0.0 0.0 0.0 0.0 0.0 0.0 0.0 0.0 0.0 6.0 6.0
0.0 0.0 0.0 0.0 2.0 8.0 6.0 13.0 10.0 8.0 8.0 6.0 0.0 0.0 0.0 0.0 3.0 0.0 3.0 6.0 5.0 6.0 6.0 7.0 9.0 6.0 6.0 6.0 6.0 5.0 6.0 6.0 6.0 6.0 6.0 5.0 5.0 10.0 15.0 18.0 19.0 21.0 18.0 14.0 9.0 6.0 9.0 6.0 5.0 4.0 3.0 3.0 1.0 0.0 0.0 0.0 0.0 0.0 0.0 0.0 0.0 0.0 0.0 0.0 0.0 0.0 0.0 0.0 0.0 0.0 0.0 0.0 0.0 0.0 0.0 0.0 0.0 0.0 0.0 0.0 0.0 0.0 0.0 0.0 0.0 0.0 0.0 0.0 0.0 0.0 0.0 3.0 3.0 3.0
0.0 0.0 0.0 2.0 8.0 6.0 8.0 10.0 8.0 8.0 6.0 2.0 0.0 0.0 0.0 0.0 0.0 0.0 0.0 3.0 3.0 3.0 5.0 6.0 3.0 4.0 5.0 5.0 5.0 6.0 6.0 6.0 6.0 6.0 6.0 7.0 10.0 10.0 15.0 19.0 21.0 16.0 21.0 12.0 7.0 5.0 5.0 4.0 3.0 3.0 2.0 0.0 0.0 0.0 0.0 0.0 0.0 0.0 0.0 0.0 0.0 0.0 0.0 0.0 0.0 0.0 0.0 0.0 0.0 0.0 0.0 0.0 0.0 0.0 0.0 0.0 0.0 0.0 0.0 0.0 0.0 0.0 0.0 0.0 0.0 0.0 0.0 0.0 0.0 0.0 0.0 0.0 3.0 3.0
0.0 0.0 2.0 8.0 6.0 8.0 10.0 8.0 6.0 8.0 2.0 0.0 0.0 0.0 0.0 0.0 0.0 0.0 0.0 3.0 3.0 3.0 3.0 3.0 1.0 2.0 3.0 3.0 4.0 5.0 5.0 5.0 5.0 5.0 5.0 5.0 8.0 8.0 12.0 16.0 20.0 15.0 17.0 12.0 7.0 3.0 2.0 1.0 1.0 0.0 0.0 0.0 0.0 0.0 0.0 0.0 0.0 0.0 0.0 0.0 0.0 0.0 0.0 0.0 0.0 0.0 0.0 0.0 0.0 0.0 0.0 0.0 0.0 0.0 0.0 0.0 0.0 0.0 0.0 0.0 0.0 0.0 0.0 0.0 0.0 0.0 0.0 0.0 0.0 0.0 0.0 0.0 3.0 3.0
0.0 2.0 8.0 6.0 8.0 10.0 8.0 6.0 8.0 2.0 0.0 0.0 0.0 0.0 0.0 0.0 0.0 0.0 0.0 0.0 0.0 3.0 0.0 0.0 0.0 0.0 0.0 1.0 1.0 1.0 2.0 3.0 3.0 4.0 5.0 8.0 8.0 11.0 10.0 13.0 18.0 16.0 14.0 11.0 7.0 0.0 0.0 0.0 0.0 0.0 0.0 0.0 0.0 0.0 0.0 0.0 0.0 0.0 0.0 0.0 0.0 0.0 0.0 0.0 0.0 0.0 0.0 0.0 0.0 0.0 0.0 0.0 0.0 0.0 0.0 0.0 0.0 0.0 0.0 0.0 0.0 0.0 0.0 0.0 0.0 0.0 0.0 0.0 0.0 0.0 0.0 0.0 0.0 0.0
